5 100 21 4.591448
6 173 40 3.986465
7 233 58 3.819483
8 285 77 3.737208
9 322 90 3.083476
10 351 101 3.081541
11 378 112 3.134422
12 401 122 3.042112
13 423 133 3.092882
14 442 142 3.062784
15 461 153 3.052745
16 478 163 3.051414
17 490 169 2.775550
18 500 174 2.792084
19 511 181 2.823940
20 521 186 2.807274
21 532 192 2.821970
22 542 198 2.825593
23 551 204 2.807752
24 561 210 2.821105
25 571 217 2.634650
26 580 223 2.648611
27 590 230 2.663180
28 599 236 2.660259
29 609 242 2.687898
30 618 248 2.684518
31 628 254 2.707031
32 638 260 2.708648
33 647 265 2.576286
34 656 270 2.595731
35 665 276 2.600179
36 674 281 2.611670
37 683 286 2.622849
38 692 290 2.637986
39 701 295 2.636146
40 710 300 2.653342
41 720 304 2.553354
42 728 309 2.552356
43 737 313 2.574963
44 746 317 2.572819
45 755 322 2.593422
46 764 326 2.587774
47 775 330 2.611429
48 786 334 2.608883
49 797 337 2.528146
50 807 341 2.534129
51 819 345 2.544760
52 829 348 2.610843
53 842 352 2.604236
54 857 355 2.572413
55 876 358 2.579631
56 897 361 2.589274
57 920 364 2.517989
58 944 367 2.521541
59 972 370 2.536203
60 995 373 2.535234
